this is compare times
	A1		A2		A3		A4
S1 :199000		19900000		19900000		1494060
S2 :198871		19900000		19900000		1492963
S3 :198938		19900000		19900000		1492837
S4 :198968		19900000		19900000		1492680

this is move times
	A1		A2		A3		A4
S1 :0		0		200000		581810
S2 :19806		19806		200000		581108
S3 :14897		14897		200000		581187
S4 :8702		8702		200000		581243

this is operation times
	A1		A2		A3		A4
S1 :0.000000		0.000044		0.000037		0.000003
S2 :0.000001		0.000046		0.000039		0.000004
S3 :0.000000		0.000041		0.000040		0.000004
S4 :0.000001		0.000049		0.000054		0.000004
